
$orca_opt_file

$trust
    0.300000000000

$epredict
    0.000000000000

$ediffsc
  1000.000000000000

$ctyp
  3

$coordinates
 5 12
  -0.00188973   0.13417056   0.60093291   2.18452341  -1.07336444  -0.18330343
  -2.14294944  -1.13572541  -0.18330343  -0.03968425   2.07491930  -0.23432604

  -0.00308155   0.14660680   0.52167742   2.10539948  -1.07983209  -0.16082566
  -2.06786215  -1.14725718  -0.16038609  -0.03445578   2.08048247  -0.20046568

  -0.00370866   0.14584211   0.46142865   2.06985456  -1.08902709  -0.14250916
  -2.03428383  -1.15948482  -0.14178653  -0.03186207   2.10266979  -0.17713296

  -0.00333425   0.14700253   0.45907094   2.07916344  -1.09158435  -0.14182279
  -2.04267435  -1.16061813  -0.14123152  -0.03315484   2.10519995  -0.17601664

  -0.00299808   0.14773637   0.45814869   2.07866860  -1.09254717  -0.14155312
  -2.04190177  -1.16082335  -0.14107294  -0.03376875   2.10563415  -0.17552263


# redundant internal coordinates
#  nbonds nangles ndihedrals nimpropers ncartesians
# bond  definitions A B
# angle definitions A B C
# dihedral definitions A B C D
# improper torsion definitions A B C D
# cartesian definitions A x/y/z
$redundant_internals
 3 3 0 1 0
   1   0   0
   2   0   0
   3   0   0
   1   0   3   0   0
   2   0   3   0   0
   1   0   2   0   0
   1   3   2   0   0
$energies
 5
 -238.1745077445881407
 -238.1819638633983800
 -238.1829800557405576
 -238.1830186653333783
 -238.1830194602204358

$gradients
 5 12
  -0.0012183778967998   0.0163430855404134   0.0504305819848123   0.0410346685619967
  -0.0138366752699122  -0.0174843514515799  -0.0389186174781933  -0.0134598360799470
  -0.0171286994446689  -0.0008976731899652   0.0109534258110187  -0.0158175310910228

  -0.0007448588909937   0.0100503551852004   0.0184536890049644   0.0133972038579888
  -0.0046914614967447  -0.0067390135314773  -0.0126256901904822  -0.0046974628095177
  -0.0065543773448161  -0.0000266547743926  -0.0006614308801195  -0.0051602981289055

  -0.0000307857715516  -0.0037768593086322  -0.0007212929674615  -0.0039557841096081
   0.0021931551302480   0.0005657447645416   0.0036398723883537   0.0018509815344538
   0.0005849183303267   0.0003466974940905  -0.0002672773551461  -0.0004293701281359

  -0.0002377248096353  -0.0004822577725342   0.0002479050009953   0.0001972260752982
   0.0002116208977683  -0.0000561130308477  -0.0001360009983752   0.0000886020213972
   0.0000066181398077   0.0001764997312959   0.0001820348501883  -0.0001984101104321

  -0.0001866957414387  -0.0001152376371998   0.0000290996561142   0.0000799212547380
   0.0000698482530973  -0.0000160273223117   0.0000074163351505   0.0000406389806577
   0.0000287817897460   0.0000993581547045   0.0000047504062685  -0.0000418541226445


$redundant_coords
 5 7
   2.6179323570976081   2.6099423519796159   2.1131946459112054   1.8966807102943222
   1.8895844562694306   1.9505441703628377  -0.9392898484743628
   2.5329143454130829   2.5303386216463775   2.0645459829712491   1.9519098302461197
   1.9522716189342906   1.9380455931782463  -0.8599658854018800
   2.4878318373785624   2.4881684933897210   2.0585742927800590   1.9909788821007093
   1.9957968181555290   1.9400793552061244  -0.7816487136174425
   2.4963908708588791   2.4958250939277611   2.0588255457526619   1.9929579801586221
   1.9957585389849088   1.9431276701881441  -0.7756138401960911
   2.4962535342924164   2.4957009715544691   2.0581180448511245   1.9945267481401787
   1.9961626881870340   1.9423720832316418  -0.7742662397090943

$redundant_gradients
 5 7
   0.0458914943729083   0.0436280252525502   0.0163200990687208  -0.0125023506982985
  -0.0182560675970735   0.0119481740235112  -0.0090577790125173
   0.0152429905372282   0.0144753771651738   0.0011770082979241  -0.0045665810808594
  -0.0074889095090058   0.0034204522816384  -0.0060688838545412
  -0.0045211526032060  -0.0040834016617952  -0.0001277793860291  -0.0002786915637081
   0.0000302012172822  -0.0006083669149458  -0.0010412731967800
   0.0000747610035886   0.0000631476963043   0.0002296541682127  -0.0004068979140333
  -0.0000423935537130   0.0003822509054847  -0.0000769987477260
   0.0000374911217720  -0.0000342901168926   0.0000138761604693  -0.0001636651556504
   0.0000472684486342   0.0001249102312483  -0.0000149022793403

$hessian_approx
 12 12
                  0          1          2          3          4          5    
      0       0.876287  -0.057699   0.030915  -0.367894   0.178603   0.160415
      1      -0.057699   0.639138   0.020121   0.155523  -0.181489  -0.085866
      2       0.030915   0.020121   0.214658   0.057939  -0.052539  -0.061266
      3      -0.367894   0.155523   0.057939   0.385957  -0.180156  -0.099824
      4       0.178603  -0.181489  -0.052539  -0.180156   0.170252   0.065437
      5       0.160415  -0.085866  -0.061266  -0.099824   0.065437   0.057875
      6      -0.388259  -0.131060  -0.076580  -0.023099  -0.028257  -0.035600
      7      -0.146661  -0.198294  -0.057997   0.015218   0.027645   0.012058
      8      -0.159203  -0.066841  -0.074108   0.031591   0.001957   0.000014
      9      -0.120136   0.033238  -0.012273   0.005034   0.029810  -0.024991
     10       0.025757  -0.259354   0.090415   0.009415  -0.016406   0.008371
     11      -0.032127   0.132584  -0.079285   0.010294  -0.014856   0.003378
                  6          7          8          9         10         11    
      0      -0.388259  -0.146661  -0.159203  -0.120136   0.025757  -0.032127
      1      -0.131060  -0.198294  -0.066841   0.033238  -0.259354   0.132584
      2      -0.076580  -0.057997  -0.074108  -0.012273   0.090415  -0.079285
      3      -0.023099   0.015218   0.031591   0.005034   0.009415   0.010294
      4      -0.028257   0.027645   0.001957   0.029810  -0.016406  -0.014856
      5      -0.035600   0.012058   0.000014  -0.024991   0.008371   0.003378
      6       0.396627   0.180642   0.107385   0.014728  -0.021324   0.004795
      7       0.180642   0.188318   0.065220  -0.049199  -0.017667  -0.019281
      8       0.107385   0.065220   0.058785   0.020225  -0.000338   0.015308
      9       0.014728  -0.049199   0.020225   0.100373  -0.013848   0.017038
     10      -0.021324  -0.017667  -0.000338  -0.013848   0.293430  -0.098449
     11       0.004795  -0.019281   0.015308   0.017038  -0.098449   0.060600

$bmatrix
 7 12
                  0          1          2          3          4          5    
      0      -0.833916   0.496858   0.240241   0.833916  -0.496858  -0.240241
      1       0.816966   0.524326   0.240102   0.000000   0.000000   0.000000
      2       0.014951  -0.951305   0.307889   0.000000   0.000000   0.000000
      3       0.585330   0.271939  -0.374246  -0.144112  -0.328288   0.178716
      4      -0.593947   0.253006  -0.374865   0.000000   0.000000   0.000000
      5       0.009985  -0.598526  -0.281534   0.221069   0.302991   0.140732
      6       0.263776  -0.180898  -1.094935   0.086899  -0.042136   0.388785
                  6          7          8          9         10         11    
      0       0.000000   0.000000   0.000000   0.000000   0.000000   0.000000
      1      -0.816966  -0.524326  -0.240102   0.000000   0.000000   0.000000
      2       0.000000   0.000000   0.000000  -0.014951   0.951305  -0.307889
      3       0.000000   0.000000   0.000000  -0.441218   0.056349   0.195530
      4       0.154874  -0.323292   0.179020   0.439073   0.070286   0.195845
      5      -0.231054   0.295535   0.140802   0.000000   0.000000   0.000000
      6      -0.154015   0.097955   0.310138  -0.196660   0.125078   0.396012

