
$orca_opt_file

$trust
    0.300000000000

$epredict
    0.000000000000

$ediffsc
  1000.000000000000

$ctyp
  3

$coordinates
 4 12
  -0.00944863  -0.01889726   0.66329387  -1.44941994  -1.99744052  -0.22487741
  -0.98076786   2.22987684  -0.21731851   2.43963644  -0.21353905  -0.21920823

  -0.00388947  -0.00761876   0.58832460  -1.39678239  -1.93567501  -0.20213098
  -0.97330520   2.17337831  -0.19085313   2.37397706  -0.23008455  -0.19345077

  -0.00107801  -0.00228232   0.55232647  -1.37864660  -1.91580442  -0.19124654
  -0.97094560   2.15456275  -0.17815341   2.35067020  -0.23647601  -0.18103679

  -0.00118390  -0.00238854   0.55820370  -1.38242879  -1.92051876  -0.19320014
  -0.97199391   2.15878085  -0.18010853   2.35560659  -0.23587354  -0.18300532


# redundant internal coordinates
#  nbonds nangles ndihedrals nimpropers ncartesians
# bond  definitions A B
# angle definitions A B C
# dihedral definitions A B C D
# improper torsion definitions A B C D
# cartesian definitions A x/y/z
$redundant_internals
 3 3 0 1 0
   1   0   0
   2   0   0
   3   0   0
   1   0   3   0   0
   2   0   3   0   0
   1   0   2   0   0
   1   3   2   0   0
$energies
 4
 -337.3713349630427842
 -337.3823815210504335
 -337.3831113852235717
 -337.3831523142986271

$gradients
 4 12
  -0.0034438014447332  -0.0053409079402738   0.0689345603557700  -0.0302960237256447
  -0.0394900117508358  -0.0220392767493726  -0.0153990243435424   0.0441693858085139
  -0.0234383452771972   0.0491388495134583   0.0006615338911337  -0.0234569383241751

  -0.0018395616417304  -0.0024463535846357   0.0195567291848602  -0.0077924963913510
  -0.0099444727525550  -0.0059180738978386  -0.0043113240276673   0.0122254118765073
  -0.0067951267580908   0.0139433820652567   0.0001654144614649  -0.0068435285228744

  -0.0003033178481809  -0.0007270322669756  -0.0043494081304486   0.0023232857002670
   0.0032109702662390   0.0016339202555221   0.0011600549005772  -0.0026919153302918
   0.0013330122804910  -0.0031800227494410   0.0002079773243068   0.0013824755955412

  -0.0002550159052004  -0.0004325430655096   0.0000499368140095  -0.0000319058625111
   0.0000232835457309   0.0001003274649860  -0.0000690083392400   0.0003680292915546
  -0.0000755046063421   0.0003559301174829   0.0000412302353627  -0.0000747596732714


$redundant_coords
 4 7
   2.6032669962153809   2.6030605377249727   2.6105005400466115   1.9250944527759635
   1.8756153725025435   1.9121471797904193  -0.9566826573060265
   2.5064659609217372   2.5107036865967927   2.5129490597011630   1.9386770196301726
   1.9237948030369911   1.9345391218219248  -0.8951465774881562
   2.4722788803764879   2.4751211360331680   2.4745480356589904   1.9467588756615399
   1.9470158395588639   1.9469654427444196  -0.8592215475436046
   2.4802557760077355   2.4815781643413493   2.4816058252730788   1.9451135772222561
   1.9440059767528659   1.9449790868613563  -0.8650675048134727

$redundant_gradients
 4 7
   0.0542991854668474   0.0518264582222499   0.0539788293157202   0.0013197409546253
  -0.0168371282416130  -0.0025158282422912  -0.0092234497076581
   0.0138532986592716   0.0143896786682785   0.0153051324879993   0.0003776319501756
  -0.0056488326844916  -0.0009861627450002  -0.0038804760102089
  -0.0042694266760516  -0.0031926164227383  -0.0034545380551987   0.0001046525936117
   0.0006983678355789   0.0001813113175562   0.0007549177901333
  -0.0000278842744320   0.0003702408625970   0.0003534619393508   0.0001152272849301
  -0.0000876899591087   0.0000542704525926   0.0001291207989946

$hessian_approx
 12 12
                  0          1          2          3          4          5    
      0       0.869155   0.010150   0.002844  -0.237031  -0.162699  -0.123543
      1       0.010150   0.872378  -0.002079  -0.163346  -0.340622  -0.169945
      2       0.002844  -0.002079   0.301048  -0.077086  -0.107506  -0.101010
      3      -0.237031  -0.163346  -0.077086   0.224588   0.187896   0.090153
      4      -0.162699  -0.340622  -0.107506   0.187896   0.346101   0.124444
      5      -0.123543  -0.169945  -0.101010   0.090153   0.124444   0.084008
      6      -0.171619   0.126831  -0.059312   0.026678  -0.026134   0.018913
      7       0.127228  -0.413742   0.125705   0.014904  -0.023677   0.020742
      8      -0.086135   0.191758  -0.100867   0.013865  -0.022666   0.008599
      9      -0.460506   0.026365   0.133552  -0.014235   0.000938   0.014477
     10       0.025321  -0.118014  -0.016121  -0.039453   0.018197   0.024760
     11       0.206834  -0.019736  -0.099171  -0.026933   0.005729   0.008402
                  6          7          8          9         10         11    
      0      -0.171619   0.127228  -0.086135  -0.460506   0.025321   0.206834
      1       0.126831  -0.413742   0.191758   0.026365  -0.118014  -0.019736
      2      -0.059312   0.125705  -0.100867   0.133552  -0.016121  -0.099171
      3       0.026678   0.014904   0.013865  -0.014235  -0.039453  -0.026933
      4      -0.026134  -0.023677  -0.022666   0.000938   0.018197   0.005729
      5       0.018913   0.020742   0.008599   0.014477   0.024760   0.008402
      6       0.153070  -0.146758   0.065020  -0.008129   0.046062  -0.024622
      7      -0.146758   0.428526  -0.145843   0.004627   0.008893  -0.000604
      8       0.065020  -0.145843   0.084436   0.007249  -0.023250   0.007833
      9      -0.008129   0.004627   0.007249   0.482872  -0.031929  -0.155278
     10       0.046062   0.008893  -0.023250  -0.031929   0.090924   0.014612
     11      -0.024622  -0.000604   0.007833  -0.155278   0.014612   0.082937

$bmatrix
 7 12
                  0          1          2          3          4          5    
      0       0.556896   0.773360   0.302954  -0.556896  -0.773360  -0.302954
      1       0.391207  -0.870885   0.297517   0.000000   0.000000   0.000000
      2      -0.949704   0.094086   0.298681   0.000000   0.000000   0.000000
      3       0.232421  -0.512960  -0.355809  -0.323187   0.163246   0.177366
      4       0.329819   0.458732  -0.352081   0.000000   0.000000   0.000000
      5      -0.560622   0.057789  -0.355071   0.257623  -0.254788   0.176836
      6      -0.150049  -0.207371  -0.990996  -0.071156  -0.099280   0.384237
                  6          7          8          9         10         11    
      0       0.000000   0.000000   0.000000   0.000000   0.000000   0.000000
      1      -0.391207   0.870885  -0.297517   0.000000   0.000000   0.000000
      2       0.000000   0.000000   0.000000   0.949704  -0.094086  -0.298681
      3       0.000000   0.000000   0.000000   0.090766   0.349715   0.178443
      4      -0.349266  -0.096697   0.176201   0.019448  -0.362034   0.175879
      5       0.302998   0.196999   0.178235   0.000000   0.000000   0.000000
      6       0.110594   0.153314   0.303357   0.110611   0.153337   0.303402

