
$orca_opt_file

$trust
    0.300000000000

$epredict
    0.000000000000

$ediffsc
  1000.000000000000

$ctyp
  3

$coordinates
 6 12
  -0.25700275  -0.01322808   0.72754456   2.99332620  -0.10771439  -0.18519316
  -1.23588089   2.20342067  -0.26456166  -1.50044255  -2.08247820  -0.27590002

  -0.22199430  -0.00157909   0.59888985   2.99762057  -0.13122600  -0.14447499
  -1.27987706   2.14116459  -0.21914281  -1.49574920  -2.00835950  -0.23338232

  -0.20204990   0.00492315   0.54619920   2.97638029  -0.13946511  -0.12718946
  -1.28933379   2.09322566  -0.20051711  -1.48499660  -1.95868371  -0.21660291

  -0.19988584   0.00542776   0.54349083   2.98396581  -0.13997273  -0.12594278
  -1.29344838   2.10852976  -0.19961978  -1.49063158  -1.97398479  -0.21603855

  -0.19737364   0.00629463   0.54537479   2.98085830  -0.14080260  -0.12609307
  -1.29396145   2.10738019  -0.20032737  -1.48952322  -1.97287222  -0.21706463

  -0.19521505   0.00696375   0.54458855   2.97968607  -0.14147345  -0.12553597
  -1.29502919   2.10688042  -0.20008811  -1.48944183  -1.97237072  -0.21707474


# redundant internal coordinates
#  nbonds nangles ndihedrals nimpropers ncartesians
# bond  definitions A B
# angle definitions A B C
# dihedral definitions A B C D
# improper torsion definitions A B C D
# cartesian definitions A x/y/z
$redundant_internals
 3 3 0 1 0
   1   0   0
   2   0   0
   3   0   0
   1   0   3   0   0
   2   0   3   0   0
   1   0   2   0   0
   1   3   2   0   0
$energies
 6
 -697.6496721452032261
 -697.6615776043205415
 -697.6629271881943168
 -697.6630561798784811
 -697.6630651567029417
 -697.6630668990061395

$gradients
 6 12
   0.0029167424801501  -0.0042872088182021   0.0698440046189439   0.0205388326731712
   0.0029442075842102  -0.0166760903527274  -0.0062528754085971   0.0449177418360757
  -0.0268384251084555  -0.0172026997339447  -0.0435747406182831  -0.0263294891584168

  -0.0009921948171462  -0.0029405525486567   0.0212969200102738   0.0110033052723075
   0.0007375960364028  -0.0056131895967019  -0.0036482218006133   0.0179591193097106
  -0.0082981696021992  -0.0063628886355446  -0.0157561627986452  -0.0073855608029897

  -0.0067030436417971  -0.0008833858757343  -0.0033933061080570  -0.0010313190301577
   0.0002596538144602  -0.0002493752802931   0.0033913447040440  -0.0068446495165173
   0.0015675204363854   0.0043430179603677   0.0074683815745158   0.0020751609613777

  -0.0024541670537156  -0.0005887352249928  -0.0004554230084214   0.0016506157611488
   0.0001107403317839  -0.0002659467430428   0.0004070722762522   0.0003775770786327
   0.0002287482792445   0.0003964790184411   0.0001004178092735   0.0004926214694869

  -0.0010268839478840  -0.0002672319502952   0.0000793214969343   0.0005695510965652
   0.0000515101657143  -0.0001906457144886   0.0002262858817643   0.0001266433496275
  -0.0000074530478110   0.0002310469916935   0.0000890784275245   0.0001187772695559

  -0.0000127211030381   0.0000017294520198  -0.0000242318375288  -0.0000284231928318
  -0.0000026716885027  -0.0000018620521176   0.0000219460097091  -0.0000193693684813
   0.0000066315883469   0.0000191983040178   0.0000203115968339   0.0000194622975989


$redundant_coords
 6 7
   3.3773741424383674   2.6183981484180081   2.6143526141554654   1.9090690667697199
   1.9249707866039942   1.8557048393475177   1.0037373402403751
   3.3068594649609255   2.5257956888443966   2.5183915755777799   1.9680708902281290
   1.9359937297646752   1.9479079739430920   0.8418750888075713
   3.2521867589881173   2.4699754808977370   2.4664896497175608   1.9921249099135225
   1.9290372321448430   1.9879466229698590   0.7750474520327755
   3.2567152158521986   2.4841760091784106   2.4821328486406116   1.9931154380225353
   1.9333689238478098   1.9896032381521911   0.7687864638535568
   3.2517172326171391   2.4845798532757462   2.4835591072010463   1.9922427797411288
   1.9306486232499249   1.9906880074622824   0.7705742369306678
   3.2482453072054800   2.4847101447671718   2.4845359478811444   1.9927028632403678
   1.9292603104976311   1.9926245208459510   0.7688492432656586

$redundant_gradients
 6 7
   0.0241944947018167   0.0505356192720766   0.0527688606803001  -0.0054318347881432
   0.0036836887032308  -0.0200303439471948   0.0229495575692350
   0.0119466800903176   0.0194441602265873   0.0182201722086615  -0.0018037286847532
   0.0037953032539736  -0.0062428076375098   0.0063094381513563
  -0.0009681280241571  -0.0077539388918662  -0.0088458823450348   0.0002840383870495
  -0.0015888062550981  -0.0004890711416188   0.0014032935450829
   0.0016625648854877   0.0000711110712083  -0.0004349680887113   0.0001573376473006
   0.0011384304810565  -0.0005269758780412  -0.0004262417137234
   0.0005928797656894   0.0000084341441582  -0.0002255378542721  -0.0000065815238639
   0.0003705355665556  -0.0003004766377568   0.0000776358349297
  -0.0000282110088657  -0.0000290101284058  -0.0000299860871142  -0.0000057042292368
   0.0000157231579223  -0.0000058585046024   0.0000015927376470

$hessian_approx
 12 12
                  0          1          2          3          4          5    
      0       0.428994  -0.058001   0.086588  -0.151518   0.017026   0.051832
      1      -0.058001   0.785374   0.004793   0.056130  -0.066137  -0.028074
      2       0.086588   0.004793   0.231555   0.038461  -0.004291  -0.048346
      3      -0.151518   0.056130   0.038461   0.237344  -0.016902  -0.030459
      4       0.017026  -0.066137  -0.004291  -0.016902   0.050251   0.006566
      5       0.051832  -0.028074  -0.048346  -0.030459   0.006566   0.023156
      6      -0.130446   0.136978  -0.059362  -0.036786   0.033490  -0.011547
      7       0.128695  -0.379474   0.079737   0.012677   0.005513   0.010081
      8      -0.081982   0.191361  -0.089305   0.010510  -0.015201   0.006031
      9      -0.147032  -0.135106  -0.065687  -0.049040  -0.033613  -0.009827
     10      -0.087720  -0.339764  -0.080239  -0.051904   0.010374   0.011429
     11      -0.056439  -0.168079  -0.093903  -0.018513   0.012927   0.019159
                  6          7          8          9         10         11    
      0      -0.130446   0.128695  -0.081982  -0.147032  -0.087720  -0.056439
      1       0.136978  -0.379474   0.191361  -0.135106  -0.339764  -0.168079
      2      -0.059362   0.079737  -0.089305  -0.065687  -0.080239  -0.093903
      3      -0.036786   0.012677   0.010510  -0.049040  -0.051904  -0.018513
      4       0.033490   0.005513  -0.015201  -0.033613   0.010374   0.012927
      5      -0.011547   0.010081   0.006031  -0.009827   0.011429   0.019159
      6       0.146515  -0.148759   0.066970   0.020716  -0.021709   0.003938
      7      -0.148759   0.409080  -0.130531   0.007387  -0.035119   0.040712
      8       0.066970  -0.130531   0.084952   0.004501  -0.045630  -0.001677
      9       0.020716   0.007387   0.004501   0.175356   0.161335   0.071014
     10      -0.021709  -0.035119  -0.045630   0.161335   0.364508   0.114440
     11       0.003938   0.040712  -0.001677   0.071014   0.114440   0.076421

$bmatrix
 7 12
                  0          1          2          3          4          5    
      0      -0.977420   0.045698   0.206304   0.977420  -0.045698  -0.206304
      1       0.442633  -0.845135   0.299704   0.000000   0.000000   0.000000
      2       0.520913   0.796662   0.306562   0.000000   0.000000   0.000000
      3       0.296389  -0.439235  -0.278358   0.040716   0.275148   0.131957
      4      -0.559417   0.028159  -0.351987   0.000000   0.000000   0.000000
      5       0.336901   0.411350  -0.274770   0.014324  -0.278867   0.129634
      6      -0.312193   0.011141   0.899371  -0.063382   0.004267  -0.301233
                  6          7          8          9         10         11    
      0       0.000000   0.000000   0.000000   0.000000   0.000000   0.000000
      1      -0.442633   0.845135  -0.299704   0.000000   0.000000   0.000000
      2       0.000000   0.000000   0.000000  -0.520913  -0.796662  -0.306562
      3       0.000000   0.000000   0.000000  -0.337106   0.164087   0.146400
      4       0.290619   0.214957   0.176944   0.268798  -0.243117   0.175043
      5      -0.351225  -0.132483   0.145137   0.000000   0.000000   0.000000
      6       0.187773  -0.007704  -0.299046   0.187802  -0.007705  -0.299092

