
$orca_opt_file

$trust
    0.300000000000

$epredict
    0.000000000000

$ediffsc
  1000.000000000000

$ctyp
  3

$coordinates
 6 12
   0.00000000   0.20031097   0.75022128   2.82325084  -1.32847747  -0.22676714
  -2.73443372  -1.45886858  -0.22487741  -0.08881713   2.58703508  -0.30046646

  -0.00559174   0.18608401   0.58432768   2.82463841  -1.30863369  -0.17637299
  -2.74758057  -1.46060010  -0.17241945  -0.07146611   2.58314978  -0.23742496

  -0.00583514   0.17774511   0.50994712   2.79106987  -1.28461744  -0.15348974
  -2.71829437  -1.43959750  -0.14935684  -0.06694036   2.54646984  -0.20899026

  -0.00497786   0.17437496   0.50355174   2.79969672  -1.29177259  -0.15104403
  -2.72495813  -1.44417506  -0.14713105  -0.06976073   2.56157269  -0.20726639

  -0.00460513   0.17156037   0.50023837   2.79953959  -1.29120929  -0.14975467
  -2.72463897  -1.44304639  -0.14592218  -0.07029550   2.56269531  -0.20645126

  -0.00438368   0.16934468   0.49929537   2.79965636  -1.28992278  -0.14926790
  -2.72483666  -1.44163959  -0.14547617  -0.07043602   2.56221769  -0.20644103


# redundant internal coordinates
#  nbonds nangles ndihedrals nimpropers ncartesians
# bond  definitions A B
# angle definitions A B C
# dihedral definitions A B C D
# improper torsion definitions A B C D
# cartesian definitions A x/y/z
$redundant_internals
 3 3 0 1 0
   1   0   0
   2   0   0
   3   0   0
   1   0   3   0   0
   2   0   3   0   0
   1   0   2   0   0
   1   3   2   0   0
$energies
 6
 -1057.9366106994671100
 -1057.9449170956713715
 -1057.9463776337736363
 -1057.9464770180472897
 -1057.9464840404011738
 -1057.9464855522960534

$gradients
 6 12
   0.0011220953595583  -0.0130461071223258   0.0567541069517238   0.0165017610497532
  -0.0109544510163271  -0.0150696518330050  -0.0142714404479063  -0.0089289220256348
  -0.0151641347719896  -0.0033524159454126   0.0329294801370077  -0.0265203203493065

  -0.0002815590316821  -0.0040685421441108   0.0188858339001340   0.0108344208549208
  -0.0062005053348213  -0.0052448946883901  -0.0100644403865930  -0.0065288043962618
  -0.0051182377453866  -0.0004884214392161   0.0167978518575811  -0.0085227014657947

  -0.0003209964696145   0.0067100232660345  -0.0009861488457679  -0.0019566693150564
   0.0011760785554966  -0.0003543883830648   0.0016390011621501   0.0007433257660664
  -0.0002930151419830   0.0006386646316695  -0.0086294276140602   0.0016335523615358

  -0.0001969818043882   0.0022685379246678   0.0002725909033543   0.0005847869733686
  -0.0005213669725814  -0.0003005064826699  -0.0004996233146249  -0.0006175945100470
  -0.0002462209005241   0.0001118181653521  -0.0011295764535636   0.0002741364765871

  -0.0000873020265198   0.0009132876732473   0.0000061121194272   0.0002412445800805
  -0.0003097043565429  -0.0000912912296383  -0.0001706162059410  -0.0003255489912252
  -0.0000561422340608   0.0000166736290999  -0.0002780343505121   0.0001413213410100

  -0.0000043440615748   0.0000573307988078  -0.0000422043460908  -0.0000223725769671
  -0.0000503448904135   0.0000034948319117   0.0000432155702448  -0.0000516729140143
   0.0000238844259172  -0.0000164989415120   0.0000446869782665   0.0000148250886999


$redundant_coords
 6 7
   3.3559567615987618   3.3437736101876618   2.6092690840220834   1.9050879718207896
   1.8845340619941648   1.9573774315172610  -0.9267919130316872
   3.2898403001714609   3.2867518214949532   2.5348651140330927   1.9573970365107491
   1.9578386841324948   2.0228761256472731  -0.7520692293229517
   3.2251093545570138   3.2261298574235080   2.4761788415013810   1.9773305161479724
   1.9817540668658473   2.0485552532652926  -0.6740205272403971
   3.2317617208071305   3.2313131866027263   2.4916204073762303   1.9816968737242062
   1.9829354697832469   2.0515963389059566  -0.6630796951943142
   3.2288409184997313   3.2284768076261674   2.4942437273014604   1.9824669605709633
   1.9829073252036149   2.0542467620539946  -0.6584904076997539
   3.2268771829607821   3.2267421802533729   2.4956498194725314   1.9820528147796648
   1.9821807074959117   2.0563311046637947  -0.6569132613534271

$redundant_gradients
 6 7
   0.0232565517884722   0.0205216961318156   0.0409202977237689  -0.0043009046288987
  -0.0208375361410123  -0.0080972899240435  -0.0231338390776990
   0.0133504892015618   0.0128465691814860   0.0186594537847860  -0.0009772151130992
  -0.0033765049855756  -0.0019058464692531  -0.0061423567903678
  -0.0021569886233656  -0.0016882997981478  -0.0087485986929170  -0.0009376643126496
  -0.0005502067494171  -0.0002999021311667  -0.0021423624764895
   0.0008047862397135   0.0007815710792546  -0.0011658969022926   0.0001255358421011
   0.0002570350211396  -0.0005375810358497  -0.0003125851089751
   0.0003679464355955   0.0003197502802868  -0.0003092273116364   0.0002083384692079
   0.0002545926186179  -0.0003844450333553   0.0000024851190856
   0.0000022995891362  -0.0000135150666689   0.0000370610320215   0.0000934817106146
   0.0000853968785351  -0.0001277726803257   0.0000336547136349

$hessian_approx
 12 12
                  0          1          2          3          4          5    
      0       0.609382   0.022221   0.002746  -0.249141   0.085870   0.105532
      1       0.022221   0.437838  -0.083203   0.042609  -0.044651  -0.006370
      2       0.002746  -0.083203   0.146210   0.026957  -0.006907  -0.032930
      3      -0.249141   0.042609   0.026957   0.246100  -0.096713  -0.056619
      4       0.085870  -0.044651  -0.006907  -0.096713   0.092765   0.021264
      5       0.105532  -0.006370  -0.032930  -0.056619   0.021264   0.028147
      6      -0.250120  -0.066337  -0.028349  -0.006400  -0.023747  -0.029672
      7      -0.106031  -0.056258  -0.011056   0.025042  -0.001649  -0.010588
      8      -0.111401  -0.021242  -0.033038   0.029919  -0.007027  -0.009130
      9      -0.110120   0.001506  -0.001355   0.009440   0.034591  -0.019242
     10      -0.002059  -0.336931   0.101166   0.029061  -0.046465  -0.004310
     11       0.003123   0.110814  -0.080240  -0.000256  -0.007331   0.013914
                  6          7          8          9         10         11    
      0      -0.250120  -0.106031  -0.111401  -0.110120  -0.002059   0.003123
      1      -0.066337  -0.056258  -0.021242   0.001506  -0.336931   0.110814
      2      -0.028349  -0.011056  -0.033038  -0.001355   0.101166  -0.080240
      3      -0.006400   0.025042   0.029919   0.009440   0.029061  -0.000256
      4      -0.023747  -0.001649  -0.007027   0.034591  -0.046465  -0.007331
      5      -0.029672  -0.010588  -0.009130  -0.019242  -0.004310   0.013914
      6       0.244533   0.110182   0.059840   0.011988  -0.020097  -0.001822
      7       0.110182   0.106119   0.027014  -0.029195  -0.048214  -0.005372
      8       0.059840   0.027014   0.030980   0.021641   0.001253   0.011187
      9       0.011988  -0.029195   0.021641   0.088692  -0.006904  -0.001046
     10      -0.020097  -0.048214   0.001253  -0.006904   0.431609  -0.098111
     11      -0.001822  -0.005372   0.011187  -0.001046  -0.098111   0.055141

$bmatrix
 7 12
                  0          1          2          3          4          5    
      0      -0.868964   0.452223   0.200988   0.868964  -0.452223  -0.200988
      1       0.843096   0.499260   0.199821   0.000000   0.000000   0.000000
      2       0.026467  -0.958818   0.282787   0.000000   0.000000   0.000000
      3       0.483736   0.232914  -0.260050  -0.108496  -0.263044   0.122771
      4      -0.496146   0.206046  -0.259425   0.000000   0.000000   0.000000
      5       0.013301  -0.488992  -0.205987   0.153321   0.248886   0.102882
      6       0.168616  -0.155533  -0.880973   0.065584  -0.008536   0.302757
                  6          7          8          9         10         11    
      0       0.000000   0.000000   0.000000   0.000000   0.000000   0.000000
      1      -0.843096  -0.499260  -0.199821   0.000000   0.000000   0.000000
      2       0.000000   0.000000   0.000000  -0.026467   0.958818  -0.282787
      3       0.000000   0.000000   0.000000  -0.375240   0.030130   0.137279
      4       0.122941  -0.256692   0.122633   0.373204   0.050646   0.136792
      5      -0.166622   0.240106   0.103104   0.000000   0.000000   0.000000
      6      -0.105970   0.074237   0.261627  -0.128231   0.089832   0.316588

